-13.729748
-2.718577
-9.253178
11.498390
11.498390
-9.253178
-13.135042
6.453050
8.934303
-11.011171
439.144568
21.547394
0.000000
-9.116845
11.498390
40.061362
-7.158405
22.457378
-11.011171
9.253178
2.718577
0.000000
9.116845
11.011171
0.777628
2.603609
2.291114
-1.451515
12.291678
6.829037
-25.270030
17.918682
7.158405
6.466165
-2.477209
-20.030681
19.520954
3.407897
11.346753
6.843113
0.000000
230.376127
231.153755
341.067164
0.000000
-6.600726
0.000000
-8.150553
14.518882
1.451515
0.000000
0.000000
-0.550073
0.000000
0.000000
-6.829037
0.000000
-17.918682
10.914298
0.584092
-7.158405
0.584092
0.000000
3.516321
1.143935
0.000000
44.370973
44.393075
2.477209
20.030681
14.400147
0.000000
0.777628
10.689896
-14.518882
0.000000
-22.457378
-19.520954
0.000000
0.000000
0.000000
9.253178
14.728048
-3.407897
-1.619403
6.531150
0.000000
10.576109
336.757553
-6.453050
-1.767521
0.000000
-1.767521
0.148119
6.843113
